[array([0.650114, 0.681526]), array([0.702636, 0.926564]), array([0.151836, 0.43999 , 0.990881]), array([0.948389, 0.894513, 0.851637, 0.552196]), array([0.224189, 0.84648 , 0.879484, 0.878515]), array([0.12572 , 0.862724, 0.028544, 0.246605, 0.751206]), array([0.057895, 0.491672, 0.247422, 0.218118, 0.420428, 0.730969]), array([0.056447, 0.065955, 0.022928, 0.038786, 0.403935, 0.801055,
       0.488307, 0.893084])]
[array([0.07344 , 0.995966]), array([0.286637, 0.863817]), array([0.938858, 0.600654, 0.074174]), array([0.362077, 0.859067, 0.996578, 0.040753]), array([0.863052, 0.425156, 0.725479, 0.801889]), array([0.911297, 0.360128, 0.681187, 0.797057, 0.681155]), array([0.861674, 0.710584, 0.916207, 0.413415, 0.568112, 0.68838 ]), array([0.016826, 0.407406, 0.041439, 0.020643, 0.962136, 0.074516,
       0.064114, 0.341289])]
[array([0.834771, 0.764338]), array([0.764044, 0.937343]), array([0.492581, 0.611593, 0.340176]), array([0.577765, 0.428771, 0.425825, 0.249007]), array([0.224189, 0.84648 , 0.879484, 0.878515]), array([0.728186, 0.154692, 0.732551, 0.693996, 0.056401]), array([0.007544, 0.056044, 0.769019, 0.056105, 0.376279, 0.808556]), array([0.168809, 0.162189, 0.230822, 0.162895, 0.978181, 0.268632,
       0.084187, 0.344276])]
[array([0.705169, 0.346253]), array([0.697156, 0.046277]), array([0.646905, 0.407973, 0.918519]), array([0.424332, 0.450256, 0.302893, 0.393242]), array([0.385144, 0.835222, 0.875492, 0.956764]), array([0.362369, 0.752276, 0.832593, 0.669698, 0.158606]), array([0.410355, 0.404626, 0.415739, 0.605124, 0.360664, 0.916164]), array([0.039675, 0.121395, 0.15016 , 0.029602, 0.7527  , 0.490718,
       0.085935, 0.710564])]
[array([0.569943, 0.115525]), array([0.713534, 0.622983]), array([0.328441, 0.237981, 0.955325]), array([0.408709, 0.313864, 0.921828, 0.249174]), array([0.267906, 0.465524, 0.221346, 0.494072]), array([0.739844, 0.696416, 0.072917, 0.314411, 0.872163]), array([0.408786, 0.272011, 0.01596 , 0.913927, 0.779885, 0.88418 ]), array([0.016906, 0.205707, 0.185215, 0.248031, 0.809195, 0.427772,
       0.572305, 0.285428])]
[array([0.388117, 0.661867]), array([0.860214, 0.472626]), array([0.489946, 0.859065, 0.513374]), array([0.362557, 0.530026, 0.137512, 0.798452]), array([0.609217, 0.044599, 0.293169, 0.51496 ]), array([0.885074, 0.601757, 0.716438, 0.837507, 0.396826]), array([0.363794, 0.381721, 0.246385, 0.582342, 0.30584 , 0.924433]), array([0.435346, 0.337494, 0.180133, 0.501014, 0.982053, 0.146277,
       0.266897, 0.909149])]
[array([0.777293, 0.530146]), array([0.682311, 0.700075]), array([0.488396, 0.62228 , 0.351098]), array([0.695353, 0.591835, 0.325807, 0.800706]), array([0.735676, 0.105094, 0.849976, 0.954765]), array([0.25516 , 0.52274 , 0.486545, 0.740267, 0.020766]), array([0.033969, 0.12674 , 0.514117, 0.133496, 0.374088, 0.621625]), array([0.027543, 0.017589, 0.444975, 0.023136, 0.89768 , 0.628403,
       0.090747, 0.260113])]
[array([0.461856, 0.8277  ]), array([0.865398, 0.167491]), array([0.53502 , 0.406231, 0.165253]), array([0.257156, 0.029954, 0.134203, 0.49166 ]), array([0.573733, 0.737421, 0.878145, 0.950371]), array([0.60936 , 0.483573, 0.500662, 0.574288, 0.237473]), array([0.027231, 0.085405, 0.752894, 0.120046, 0.322614, 0.589848]), array([0.461943, 0.060764, 0.1769  , 0.048671, 0.960098, 0.117481,
       0.052454, 0.461135])]
[array([0.507675, 0.360105]), array([0.876322, 0.451875]), array([0.959804, 0.861929, 0.564256]), array([0.19058 , 0.247521, 0.409242, 0.777619]), array([0.448753, 0.222797, 0.878959, 0.949337]), array([0.393399, 0.196651, 0.599021, 0.857586, 0.016051]), array([0.232502, 0.129287, 0.909833, 0.068397, 0.394889, 0.61106 ]), array([0.027277, 0.152897, 0.132831, 0.47403 , 0.951068, 0.508039,
       0.183118, 0.542624])]
[array([0.25801 , 0.434197]), array([0.75333 , 0.030819]), array([0.211973, 0.288673, 0.344302]), array([0.152839, 0.193968, 0.102212, 0.918133]), array([0.467826, 0.854649, 0.804835, 0.941106]), array([0.464984, 0.369388, 0.703268, 0.908164, 0.18104 ]), array([0.024767, 0.666722, 0.49256 , 0.088079, 0.376655, 0.489081]), array([0.047108, 0.016209, 0.048751, 0.849189, 0.949619, 0.009065,
       0.147757, 0.555296])]